page,formid
4,01_050_02
