"page","formid"
"0","BSPL_SS"
